# WaveFront *.obj file (generated by Cinema 4D)

mtllib ./LEDLayout-02.mtl

v 54.984200 1561.720260 104.553563
v 54.641476 1563.173351 105.884378
v 53.294748 1562.198724 103.596054
v 52.952024 1563.651814 104.926869
v 52.280701 1560.910469 104.741527
v 51.937977 1562.363560 106.072342
v 53.970153 1560.432005 105.699037
v 53.627429 1561.885096 107.029851
# 8 vertices

vn 0.507024 0.644127 -0.572737
vn -0.844726 0.239232 -0.478755
vn -0.507024 -0.644127 0.572737
vn 0.844726 -0.239232 0.478755
vn -0.171362 0.726545 0.665407
vn 0.171362 -0.726545 -0.665407
# 6 normals

vt 0.000000 0.000000 0.000000
vt 0.000000 1.000000 0.000000
vt 1.000000 1.000000 0.000000
vt 1.000000 0.000000 0.000000
# 4 texture coordinates

g Cube.2_0
usemtl default
f 3/4/1 4/3/1 2/2/1 1/1/1
f 5/4/2 6/3/2 4/2/2 3/1/2
f 7/4/3 8/3/3 6/2/3 5/1/3
f 1/4/4 2/3/4 8/2/4 7/1/4
f 4/4/5 6/3/5 8/2/5 2/1/5
f 5/4/6 3/3/6 1/2/6 7/1/6

v 51.988506 1557.908517 107.944053
v 51.645782 1559.361608 109.274867
v 50.299054 1558.386981 106.986544
v 49.956330 1559.840072 108.317358
v 49.285006 1557.098727 108.132017
v 48.942282 1558.551818 109.462831
v 50.974458 1556.620263 109.089526
v 50.631735 1558.073354 110.420341
# 8 vertices

# 0 normal

# 0 texture coordinate

g Cube.2_1
usemtl default
f 11/4/1 12/3/1 10/2/1 9/1/1
f 13/4/2 14/3/2 12/2/2 11/1/2
f 15/4/3 16/3/3 14/2/3 13/1/3
f 9/4/4 10/3/4 16/2/4 15/1/4
f 12/4/5 14/3/5 16/2/5 10/1/5
f 13/4/6 11/3/6 9/2/6 15/1/6

v 48.793947 1554.153094 111.221834
v 48.451223 1555.606185 112.552649
v 47.104495 1554.631558 110.264325
v 46.761771 1556.084649 111.595140
v 46.090447 1553.343304 111.409798
v 45.747723 1554.796395 112.740613
v 47.779899 1552.864840 112.367308
v 47.437176 1554.317931 113.698122
# 8 vertices

# 0 normal

# 0 texture coordinate

g Cube.2_2
usemtl default
f 19/4/1 20/3/1 18/2/1 17/1/1
f 21/4/2 22/3/2 20/2/2 19/1/2
f 23/4/3 24/3/3 22/2/3 21/1/3
f 17/4/4 18/3/4 24/2/4 23/1/4
f 20/4/5 22/3/5 24/2/5 18/1/5
f 21/4/6 19/3/6 17/2/6 23/1/6

v 45.525010 1550.426143 114.449375
v 45.182286 1551.879233 115.780189
v 43.903562 1550.985672 113.420865
v 43.560838 1552.438763 114.751679
v 42.783988 1549.730501 114.503039
v 42.441264 1551.183592 115.833853
v 44.405436 1549.170972 115.531549
v 44.062712 1550.624063 116.862363
# 8 vertices

vn 0.559787 0.627585 -0.541087
vn -0.810724 0.279765 -0.514255
vn -0.559787 -0.627585 0.541087
vn 0.810724 -0.279765 0.514255
# 4 normals

# 0 texture coordinate

g Cube.2_3
usemtl default
f 27/4/7 28/3/7 26/2/7 25/1/7
f 29/4/8 30/3/8 28/2/8 27/1/8
f 31/4/9 32/3/9 30/2/9 29/1/9
f 25/4/10 26/3/10 32/2/10 31/1/10
f 28/4/5 30/3/5 32/2/5 26/1/5
f 29/4/6 27/3/6 25/2/6 31/1/6

v 57.233488 1561.794680 99.040206
v 55.519869 1569.060135 105.694278
v 49.140603 1551.514064 108.181259
v 47.426984 1558.779519 114.835331
v 41.425051 1551.052539 121.726599
v 43.138670 1543.787084 115.072527
v 56.389781 1568.854671 106.142649
v 58.103401 1561.589216 99.488577
v 48.257909 1558.523219 115.329168
v 49.971528 1551.257764 108.675096
v 42.353415 1544.093038 114.536236
v 40.639795 1551.358492 121.190308
# 12 vertices

vn -0.844710 0.239252 -0.478772
vn -0.824568 0.263867 -0.500462
vn -0.803203 0.288092 -0.521410
vn 0.462479 0.655680 -0.596822
vn 0.824579 -0.263854 0.500451
vn 0.844742 -0.239212 0.478737
vn 0.803191 -0.288104 0.521421
vn -0.593865 -0.615079 0.518655
# 8 normals

vt 0.033333 1.000000 0.000000
vt 0.033333 0.000000 0.000000
vt 0.058216 1.000000 0.000000
vt 0.058216 0.000000 0.000000
vt 0.966667 0.000000 0.000000
vt 0.966667 1.000000 0.000000
vt 0.941784 1.000000 0.000000
vt 0.941784 0.000000 0.000000
# 8 texture coordinates

g Cube.1
usemtl default
f 35/6/12 36/5/12 34/2/11 33/1/11
f 43/8/13 44/7/13 36/5/12 35/6/12
f 38/8/6 43/7/6 35/5/6 42/6/6
f 42/6/6 35/5/6 33/2/6 40/1/6
f 44/8/5 37/7/5 41/5/5 36/6/5
f 36/6/5 41/5/5 39/2/5 34/1/5
f 33/4/14 34/3/14 39/2/14 40/1/14
f 40/4/16 39/3/16 41/10/15 42/9/15
f 38/12/17 42/9/15 41/10/15 37/11/17
f 44/7/18 43/8/18 38/12/18 37/11/18

v -88.505558 1661.387757 1.568896
v -88.505558 1660.037486 0.093509
v -86.522934 1661.193700 1.746497
v -86.522934 1659.843429 0.271109
v -86.785992 1659.731130 3.085037
v -86.785992 1658.380860 1.609649
v -88.768617 1659.925187 2.907437
v -88.768617 1658.574916 1.432049
# 8 vertices

vn 0.131529 0.731285 -0.669270
vn 0.991312 -0.097028 0.088800
vn -0.131529 -0.731285 0.669270
vn -0.991312 0.097028 -0.088800
vn 0.000000 -0.675135 -0.737694
vn -0.000000 0.675135 0.737694
# 6 normals

# 0 texture coordinate

g Cube.2_0_1
usemtl default
f 47/4/19 48/3/19 46/2/19 45/1/19
f 49/4/20 50/3/20 48/2/20 47/1/20
f 51/4/21 52/3/21 50/2/21 49/1/21
f 45/4/22 46/3/22 52/2/22 51/1/22
f 48/4/23 50/3/23 52/2/23 46/1/23
f 49/4/24 47/3/24 45/2/24 51/1/24

v -89.283685 1657.061481 5.528293
v -89.283685 1655.711210 4.052905
v -87.301061 1656.867424 5.705893
v -87.301061 1655.517154 4.230505
v -87.564120 1655.404855 7.044433
v -87.564120 1654.054584 5.569045
v -89.546744 1655.598911 6.866833
v -89.546744 1654.248641 5.391445
# 8 vertices

vn 0.000000 -0.675135 -0.737694
vn -0.000000 0.675135 0.737694
# 2 normals

# 0 texture coordinate

g Cube.2_1_1
usemtl default
f 55/4/19 56/3/19 54/2/19 53/1/19
f 57/4/20 58/3/20 56/2/20 55/1/20
f 59/4/21 60/3/21 58/2/21 57/1/21
f 53/4/22 54/3/22 60/2/22 59/1/22
f 56/4/25 58/3/25 60/2/25 54/1/25
f 57/4/26 55/3/26 53/2/26 59/1/26

v -90.061812 1652.735205 9.487689
v -90.061812 1651.384935 8.012301
v -88.079188 1652.541148 9.665289
v -88.079188 1651.190878 8.189902
v -88.342247 1651.078579 11.003829
v -88.342247 1649.728308 9.528442
v -90.324871 1651.272635 10.826229
v -90.324871 1649.922365 9.350841
# 8 vertices

vn 0.000000 -0.675135 -0.737694
vn -0.000000 0.675135 0.737694
# 2 normals

# 0 texture coordinate

g Cube.2_2_1
usemtl default
f 63/4/19 64/3/19 62/2/19 61/1/19
f 65/4/20 66/3/20 64/2/20 63/1/20
f 67/4/21 68/3/21 66/2/21 65/1/21
f 61/4/22 62/3/22 68/2/22 67/1/22
f 64/4/27 66/3/27 68/2/27 62/1/27
f 65/4/28 63/3/28 61/2/28 67/1/28

v -90.556900 1648.340733 13.509499
v -90.556900 1646.990462 12.034111
v -88.561548 1648.240207 13.601500
v -88.561548 1646.889936 12.126112
v -88.697819 1646.768248 14.948633
v -88.697819 1645.417977 13.473245
v -90.693171 1646.868774 14.856631
v -90.693171 1645.518503 13.381244
# 8 vertices

vn 0.068135 0.735979 -0.673566
vn 0.997676 -0.050263 0.046001
vn -0.068135 -0.735979 0.673566
vn -0.997676 0.050263 -0.046001
vn -0.000000 -0.675135 -0.737694
vn 0.000000 0.675135 0.737694
# 6 normals

# 0 texture coordinate

g Cube.2_3_1
usemtl default
f 71/4/29 72/3/29 70/2/29 69/1/29
f 73/4/30 74/3/30 72/2/30 71/1/30
f 75/4/31 76/3/31 74/2/31 73/1/31
f 69/4/32 70/3/32 76/2/32 75/1/32
f 72/4/33 74/3/33 76/2/33 70/1/33
f 73/4/34 71/3/34 69/2/34 75/1/34

v -90.852867 1643.945561 17.531948
v -90.852867 1642.595290 16.056560
v -88.853158 1643.920403 17.554972
v -88.853158 1642.570133 16.079585
v -88.887261 1642.445230 18.905047
v -88.887261 1641.094960 17.429659
v -90.886971 1642.470388 18.882022
v -90.886971 1641.120117 17.406635
# 8 vertices

vn 0.017052 0.737587 -0.675037
vn 0.999855 -0.012579 0.011512
vn -0.017052 -0.737587 0.675037
vn -0.999855 0.012579 -0.011512
vn 0.000000 -0.675135 -0.737694
vn -0.000000 0.675135 0.737694
# 6 normals

# 0 texture coordinate

g Cube.2_4
usemtl default
f 79/4/35 80/3/35 78/2/35 77/1/35
f 81/4/36 82/3/36 80/2/36 79/1/36
f 83/4/37 84/3/37 82/2/37 81/1/37
f 77/4/38 78/3/38 84/2/38 83/1/38
f 80/4/39 82/3/39 84/2/39 78/1/39
f 81/4/40 79/3/40 77/2/40 83/1/40

v -91.036538 1639.505709 21.595289
v -91.036538 1638.155438 20.119901
v -89.043523 1639.628912 21.482534
v -89.043523 1638.278641 20.007146
v -88.876512 1638.158678 22.828088
v -88.876512 1636.808407 21.352701
v -90.869527 1638.035475 22.940843
v -90.869527 1636.685204 21.465456
# 8 vertices

vn -0.083505 0.735117 -0.672777
vn 0.996507 0.061601 -0.056377
vn 0.083505 -0.735117 0.672777
vn -0.996507 -0.061601 0.056377
vn 0.000000 -0.675135 -0.737694
vn -0.000000 0.675135 0.737694
# 6 normals

# 0 texture coordinate

g Cube.2_5
usemtl default
f 87/4/41 88/3/41 86/2/41 85/1/41
f 89/4/42 90/3/42 88/2/42 87/1/42
f 91/4/43 92/3/43 90/2/43 89/1/43
f 85/4/44 86/3/44 92/2/44 91/1/44
f 88/4/45 90/3/45 92/2/45 86/1/45
f 89/4/46 87/3/46 85/2/46 91/1/46

v -90.542520 1635.156761 25.575434
v -90.542520 1633.806490 24.100047
v -88.549506 1635.279964 25.462679
v -88.549506 1633.929693 23.987292
v -88.382495 1633.809729 26.808234
v -88.382495 1632.459459 25.332847
v -90.375509 1633.686527 26.920989
v -90.375509 1632.336256 25.445602
# 8 vertices

# 0 normal

# 0 texture coordinate

g Cube.2_6
usemtl default
f 95/4/41 96/3/41 94/2/41 93/1/41
f 97/4/42 98/3/42 96/2/42 95/1/42
f 99/4/43 100/3/43 98/2/43 97/1/43
f 93/4/44 94/3/44 100/2/44 99/1/44
f 96/4/45 98/3/45 100/2/45 94/1/45
f 97/4/46 95/3/46 93/2/46 99/1/46

v -90.048503 1630.807813 29.555580
v -90.048503 1629.457542 28.080193
v -88.055488 1630.931016 29.442825
v -88.055488 1629.580745 27.967438
v -87.888477 1629.460781 30.788380
v -87.888477 1628.110510 29.312992
v -89.881492 1629.337578 30.901135
v -89.881492 1627.987308 29.425747
# 8 vertices

# 0 normal

# 0 texture coordinate

g Cube.2_7
usemtl default
f 103/4/41 104/3/41 102/2/41 101/1/41
f 105/4/42 106/3/42 104/2/42 103/1/42
f 107/4/43 108/3/43 106/2/43 105/1/43
f 101/4/44 102/3/44 108/2/44 107/1/44
f 104/4/45 106/3/45 108/2/45 102/1/45
f 105/4/46 103/3/46 101/2/46 107/1/46

v -89.554485 1626.458865 33.535726
v -89.554485 1625.108594 32.060338
v -87.561470 1626.582068 33.422971
v -87.561470 1625.231797 31.947583
v -87.394460 1625.111833 34.768526
v -87.394460 1623.761562 33.293138
v -89.387474 1624.988630 34.881281
v -89.387474 1623.638359 33.405893
# 8 vertices

# 0 normal

# 0 texture coordinate

g Cube.2_8
usemtl default
f 111/4/41 112/3/41 110/2/41 109/1/41
f 113/4/42 114/3/42 112/2/42 111/1/42
f 115/4/43 116/3/43 114/2/43 113/1/43
f 109/4/44 110/3/44 116/2/44 115/1/44
f 112/4/45 114/3/45 116/2/45 110/1/45
f 113/4/46 111/3/46 109/2/46 115/1/46

v -88.819790 1622.078906 37.544253
v -88.819790 1620.728635 36.068865
v -86.843418 1622.305027 37.337307
v -86.843418 1620.954756 35.861920
v -86.536894 1620.847070 38.671625
v -86.536894 1619.496799 37.196238
v -88.513265 1620.620949 38.878571
v -88.513265 1619.270678 37.403183
# 8 vertices

vn -0.153262 0.728978 -0.667159
vn 0.988186 0.113061 -0.103473
vn 0.153262 -0.728978 0.667159
vn -0.988186 -0.113061 0.103473
vn -0.000000 -0.675135 -0.737694
vn 0.000000 0.675135 0.737694
# 6 normals

# 0 texture coordinate

g Cube.2_9
usemtl default
f 119/4/47 120/3/47 118/2/47 117/1/47
f 121/4/48 122/3/48 120/2/48 119/1/48
f 123/4/49 124/3/49 122/2/49 121/1/49
f 117/4/50 118/3/50 124/2/50 123/1/50
f 120/4/51 122/3/51 124/2/51 118/1/51
f 121/4/52 119/3/52 117/2/52 123/1/52

v -87.913092 1617.766276 41.491160
v -87.913092 1616.416005 40.015773
v -85.936721 1617.992397 41.284215
v -85.936721 1616.642126 39.808828
v -85.630197 1616.534440 42.618533
v -85.630197 1615.184169 41.143146
v -87.606568 1616.308319 42.825479
v -87.606568 1614.958048 41.350091
# 8 vertices

vn -0.000000 -0.675135 -0.737694
vn 0.000000 0.675135 0.737694
# 2 normals

# 0 texture coordinate

g Cube.2_10
usemtl default
f 127/4/47 128/3/47 126/2/47 125/1/47
f 129/4/48 130/3/48 128/2/48 127/1/48
f 131/4/49 132/3/49 130/2/49 129/1/49
f 125/4/50 126/3/50 132/2/50 131/1/50
f 128/4/53 130/3/53 132/2/53 126/1/53
f 129/4/54 127/3/54 125/2/54 131/1/54

v -87.006395 1613.453645 45.438068
v -87.006395 1612.103374 43.962681
v -85.030024 1613.679766 45.231123
v -85.030024 1612.329495 43.755735
v -84.723500 1612.221809 46.565441
v -84.723500 1610.871539 45.090054
v -86.699871 1611.995688 46.772387
v -86.699871 1610.645418 45.296999
# 8 vertices

vn -0.000000 -0.675135 -0.737694
# 1 normal

# 0 texture coordinate

g Cube.2_11
usemtl default
f 135/4/47 136/3/47 134/2/47 133/1/47
f 137/4/48 138/3/48 136/2/48 135/1/48
f 139/4/49 140/3/49 138/2/49 137/1/49
f 133/4/50 134/3/50 140/2/50 139/1/50
f 136/4/55 138/3/55 140/2/55 134/1/55
f 137/4/54 135/3/54 133/2/54 139/1/54

v -85.887633 1609.124982 49.399649
v -85.887633 1607.774711 47.924262
v -83.933269 1609.438360 49.112847
v -83.933269 1608.088089 47.637459
v -83.508461 1607.996638 50.432307
v -83.508461 1606.646367 48.956919
v -85.462825 1607.683260 50.719110
v -85.462825 1606.332989 49.243722
# 8 vertices

vn -0.212404 0.720861 -0.659730
vn 0.977182 0.156689 -0.143401
vn 0.212404 -0.720861 0.659730
vn -0.977182 -0.156689 0.143401
vn 0.000000 -0.675135 -0.737694
vn -0.000000 0.675135 0.737694
# 6 normals

# 0 texture coordinate

g Cube.2_12
usemtl default
f 143/4/56 144/3/56 142/2/56 141/1/56
f 145/4/57 146/3/57 144/2/57 143/1/57
f 147/4/58 148/3/58 146/2/58 145/1/58
f 141/4/59 142/3/59 148/2/59 147/1/59
f 144/4/60 146/3/60 148/2/60 142/1/60
f 145/4/61 143/3/61 141/2/61 147/1/61

v -84.631053 1604.860374 53.302608
v -84.631053 1603.510103 51.827220
v -82.676689 1605.173752 53.015805
v -82.676689 1603.823481 51.540417
v -82.251881 1603.732030 54.335265
v -82.251881 1602.381759 52.859878
v -84.206245 1603.418651 54.622068
v -84.206245 1602.068381 53.146680
# 8 vertices

# 0 normal

# 0 texture coordinate

g Cube.2_13
usemtl default
f 151/4/56 152/3/56 150/2/56 149/1/56
f 153/4/57 154/3/57 152/2/57 151/1/57
f 155/4/58 156/3/58 154/2/58 153/1/58
f 149/4/59 150/3/59 156/2/59 155/1/59
f 152/4/60 154/3/60 156/2/60 150/1/60
f 153/4/61 151/3/61 149/2/61 155/1/61

v -83.338151 1600.562871 57.235671
v -83.338151 1599.212600 55.760283
v -81.408484 1600.950694 56.880736
v -81.408484 1599.600423 55.405349
v -80.882760 1599.527190 58.183523
v -80.882760 1598.176919 56.708135
v -82.812427 1599.139367 58.538457
v -82.812427 1597.789096 57.063070
# 8 vertices

vn -0.262862 0.711752 -0.651393
vn 0.964834 0.193911 -0.177467
vn 0.262862 -0.711752 0.651393
vn -0.964834 -0.193911 0.177467
vn 0.000000 -0.675135 -0.737694
vn -0.000000 0.675135 0.737694
# 6 normals

# 0 texture coordinate

g Cube.2_14
usemtl default
f 159/4/62 160/3/62 158/2/62 157/1/62
f 161/4/63 162/3/63 160/2/63 159/1/63
f 163/4/64 164/3/64 162/2/64 161/1/64
f 157/4/65 158/3/65 164/2/65 163/1/65
f 160/4/66 162/3/66 164/2/66 158/1/66
f 161/4/67 159/3/67 157/2/67 163/1/67

v -81.783063 1596.352153 61.089309
v -81.783063 1595.001882 59.613921
v -79.853396 1596.739976 60.734374
v -79.853396 1595.389705 59.258986
v -79.327673 1595.316472 62.037161
v -79.327673 1593.966202 60.561773
v -81.257340 1594.928650 62.392095
v -81.257340 1593.578379 60.916707
# 8 vertices

# 0 normal

# 0 texture coordinate

g Cube.2_15
usemtl default
f 167/4/62 168/3/62 166/2/62 165/1/62
f 169/4/63 170/3/63 168/2/63 167/1/63
f 171/4/64 172/3/64 170/2/64 169/1/64
f 165/4/65 166/3/65 172/2/65 171/1/65
f 168/4/66 170/3/66 172/2/66 166/1/66
f 169/4/67 167/3/67 165/2/67 171/1/67

v -80.227976 1592.141435 64.942946
v -80.227976 1590.791165 63.467559
v -78.298309 1592.529258 64.588012
v -78.298309 1591.178987 63.112624
v -77.772586 1591.105755 65.890798
v -77.772586 1589.755484 64.415411
v -79.702253 1590.717932 66.245733
v -79.702253 1589.367661 64.770345
# 8 vertices

# 0 normal

# 0 texture coordinate

g Cube.2_16
usemtl default
f 175/4/62 176/3/62 174/2/62 173/1/62
f 177/4/63 178/3/63 176/2/63 175/1/63
f 179/4/64 180/3/64 178/2/64 177/1/64
f 173/4/65 174/3/65 180/2/65 179/1/65
f 176/4/66 178/3/66 180/2/66 174/1/66
f 177/4/67 175/3/67 173/2/67 179/1/67

v -78.549458 1587.934724 68.792917
v -78.549458 1586.584453 67.317529
v -76.635816 1588.363585 68.400424
v -76.635816 1587.013315 66.925037
v -76.054462 1586.951903 69.692392
v -76.054462 1585.601632 68.217005
v -77.968104 1586.523042 70.084885
v -77.968104 1585.172771 68.609497
# 8 vertices

vn -0.290677 0.705841 -0.645984
vn 0.956821 0.214431 -0.196246
vn 0.290677 -0.705841 0.645984
vn -0.956821 -0.214431 0.196246
vn -0.000000 -0.675135 -0.737694
vn 0.000000 0.675135 0.737694
# 6 normals

# 0 texture coordinate

g Cube.2_17
usemtl default
f 183/4/68 184/3/68 182/2/68 181/1/68
f 185/4/69 186/3/69 184/2/69 183/1/69
f 187/4/70 188/3/70 186/2/70 185/1/70
f 181/4/71 182/3/71 188/2/71 187/1/71
f 184/4/72 186/3/72 188/2/72 182/1/72
f 185/4/73 183/3/73 181/2/73 187/1/73

v -76.829815 1583.758974 72.614553
v -76.829815 1582.408703 71.139165
v -74.916173 1584.187835 72.222060
v -74.916173 1582.837564 70.746672
v -74.334819 1582.776153 73.514028
v -74.334819 1581.425882 72.038640
v -76.248461 1582.347291 73.906521
v -76.248461 1580.997021 72.431133
# 8 vertices

# 0 normal

# 0 texture coordinate

g Cube.2_18
usemtl default
f 191/4/68 192/3/68 190/2/68 189/1/68
f 193/4/69 194/3/69 192/2/69 191/1/69
f 195/4/70 196/3/70 194/2/70 193/1/70
f 189/4/71 190/3/71 196/2/71 195/1/71
f 192/4/72 194/3/72 196/2/72 190/1/72
f 193/4/73 191/3/73 189/2/73 195/1/73

v -74.947019 1579.582583 76.436774
v -74.947019 1578.232312 74.961387
v -73.066398 1580.084685 75.977252
v -73.066398 1578.734414 74.501864
v -72.385761 1578.697363 77.246925
v -72.385761 1577.347092 75.771538
v -74.266381 1578.195261 77.706448
v -74.266381 1576.844990 76.231060
# 8 vertices

vn -0.340319 0.693661 -0.634837
vn 0.940310 0.251051 -0.229761
vn 0.340319 -0.693661 0.634837
vn -0.940310 -0.251051 0.229761
vn -0.000000 -0.675135 -0.737694
vn 0.000000 0.675135 0.737694
# 6 normals

# 0 texture coordinate

g Cube.2_19
usemtl default
f 199/4/74 200/3/74 198/2/74 197/1/74
f 201/4/75 202/3/75 200/2/75 199/1/75
f 203/4/76 204/3/76 202/2/76 201/1/76
f 197/4/77 198/3/77 204/2/77 203/1/77
f 200/4/78 202/3/78 204/2/78 198/1/78
f 201/4/79 199/3/79 197/2/79 203/1/79

v -72.933696 1575.478890 80.192463
v -72.933696 1574.128619 78.717076
v -71.053075 1575.980992 79.732941
v -71.053075 1574.630722 78.257553
v -70.372438 1574.593670 81.002614
v -70.372438 1573.243400 79.527226
v -72.253058 1574.091568 81.462137
v -72.253058 1572.741297 79.986749
# 8 vertices

vn -0.000000 -0.675135 -0.737694
vn 0.000000 0.675135 0.737694
# 2 normals

# 0 texture coordinate

g Cube.2_20
usemtl default
f 207/4/74 208/3/74 206/2/74 205/1/74
f 209/4/75 210/3/75 208/2/75 207/1/75
f 211/4/76 212/3/76 210/2/76 209/1/76
f 205/4/77 206/3/77 212/2/77 211/1/77
f 208/4/80 210/3/80 212/2/80 206/1/80
f 209/4/81 207/3/81 205/2/81 211/1/81

v -70.797785 1571.362665 83.959622
v -70.797785 1570.012394 82.484234
v -68.962168 1571.948429 83.423532
v -68.962168 1570.598158 81.948145
v -68.168121 1570.594305 84.662822
v -68.168121 1569.244034 83.187435
v -70.003738 1570.008542 85.198912
v -70.003738 1568.658271 83.723524
# 8 vertices

vn -0.397023 0.677062 -0.619645
vn 0.917808 0.292882 -0.268045
vn 0.397023 -0.677062 0.619645
vn -0.917808 -0.292882 0.268045
vn 0.000000 -0.675135 -0.737694
vn -0.000000 0.675135 0.737694
# 6 normals

# 0 texture coordinate

g Cube.2_21
usemtl default
f 215/4/82 216/3/82 214/2/82 213/1/82
f 217/4/83 218/3/83 216/2/83 215/1/83
f 219/4/84 220/3/84 218/2/84 217/1/84
f 213/4/85 214/3/85 220/2/85 219/1/85
f 216/4/86 218/3/86 220/2/86 214/1/86
f 217/4/87 215/3/87 213/2/87 219/1/87

v -68.448997 1567.357174 87.625437
v -68.448997 1566.006903 86.150049
v -66.613381 1567.942937 87.089347
v -66.613381 1566.592666 85.613960
v -65.819334 1566.588814 88.328637
v -65.819334 1565.238543 86.853250
v -67.654951 1566.003051 88.864727
v -67.654951 1564.652780 87.389339
# 8 vertices

# 0 normal

# 0 texture coordinate

g Cube.2_22
usemtl default
f 223/4/82 224/3/82 222/2/82 221/1/82
f 225/4/83 226/3/83 224/2/83 223/1/83
f 227/4/84 228/3/84 226/2/84 225/1/84
f 221/4/85 222/3/85 228/2/85 227/1/85
f 224/4/86 226/3/86 228/2/86 222/1/86
f 225/4/87 223/3/87 221/2/87 227/1/87

v -66.072443 1563.308189 91.331056
v -66.072443 1561.957919 89.855669
v -64.292444 1563.980910 90.715384
v -64.292444 1562.630639 89.239997
v -63.380520 1562.667816 91.917124
v -63.380520 1561.317545 90.441737
v -65.160519 1561.995095 92.532796
v -65.160519 1560.644825 91.057409
# 8 vertices

vn -0.455962 0.656547 -0.600870
vn 0.889999 0.336360 -0.307836
vn 0.455962 -0.656547 0.600870
vn -0.889999 -0.336360 0.307836
vn -0.000000 -0.675135 -0.737694
vn 0.000000 0.675135 0.737694
# 6 normals

# 0 texture coordinate

g Cube.2_23
usemtl default
f 231/4/88 232/3/88 230/2/88 229/1/88
f 233/4/89 234/3/89 232/2/89 231/1/89
f 235/4/90 236/3/90 234/2/90 233/1/90
f 229/4/91 230/3/91 236/2/91 235/1/91
f 232/4/92 234/3/92 236/2/92 230/1/92
f 233/4/93 231/3/93 229/2/93 235/1/93

v -63.374976 1559.424063 94.885799
v -63.374976 1558.073792 93.410411
v -61.594977 1560.096783 94.270127
v -61.594977 1558.746512 92.794739
v -60.683053 1558.783689 95.471867
v -60.683053 1557.433418 93.996479
v -62.463052 1558.110969 96.087539
v -62.463052 1556.760698 94.612151
# 8 vertices

# 0 normal

# 0 texture coordinate

g Cube.2_24
usemtl default
f 239/4/88 240/3/88 238/2/88 237/1/88
f 241/4/89 242/3/89 240/2/89 239/1/89
f 243/4/90 244/3/90 242/2/90 241/1/90
f 237/4/91 238/3/91 244/2/91 243/1/91
f 240/4/92 242/3/92 244/2/92 238/1/92
f 241/4/93 239/3/93 237/2/93 243/1/93

v -60.677509 1555.539936 98.440541
v -60.677509 1554.189665 96.965154
v -58.897510 1556.212656 97.824869
v -58.897510 1554.862385 96.349482
v -57.985587 1554.899562 99.026610
v -57.985587 1553.549291 97.551222
v -59.765585 1554.226842 99.642282
v -59.765585 1552.876571 98.166894
# 8 vertices

# 0 normal

# 0 texture coordinate

g Cube.2_25
usemtl default
f 247/4/88 248/3/88 246/2/88 245/1/88
f 249/4/89 250/3/89 248/2/89 247/1/89
f 251/4/90 252/3/90 250/2/90 249/1/90
f 245/4/91 246/3/91 252/2/91 251/1/91
f 248/4/92 250/3/92 252/2/92 246/1/92
f 249/4/93 247/3/93 245/2/93 251/1/93

v -57.708580 1551.707092 101.948350
v -57.708580 1550.356821 100.472962
v -55.998456 1552.472118 101.248200
v -55.998456 1551.121847 99.772812
v -54.961405 1551.210570 102.402765
v -54.961405 1549.860299 100.927378
v -56.671529 1550.445544 103.102915
v -56.671529 1549.095273 101.627528
# 8 vertices

vn -0.518526 0.630774 -0.577283
vn 0.855062 0.382513 -0.350075
vn 0.518526 -0.630774 0.577283
vn -0.855062 -0.382513 0.350075
vn 0.000000 -0.675135 -0.737694
vn -0.000000 0.675135 0.737694
# 6 normals

# 0 texture coordinate

g Cube.2_26
usemtl default
f 255/4/94 256/3/94 254/2/94 253/1/94
f 257/4/95 258/3/95 256/2/95 255/1/95
f 259/4/96 260/3/96 258/2/96 257/1/96
f 253/4/97 254/3/97 260/2/97 259/1/97
f 256/4/98 258/3/98 260/2/98 254/1/98
f 257/4/99 255/3/99 253/2/99 259/1/99

v -54.640987 1547.975437 105.363550
v -54.640987 1546.625167 103.888162
v -52.930862 1548.740464 104.663400
v -52.930862 1547.390193 103.188012
v -51.893811 1547.478916 105.817966
v -51.893811 1546.128645 104.342578
v -53.603936 1546.713889 106.518116
v -53.603936 1545.363619 105.042728
# 8 vertices

# 0 normal

# 0 texture coordinate

g Cube.2_27
usemtl default
f 263/4/94 264/3/94 262/2/94 261/1/94
f 265/4/95 266/3/95 264/2/95 263/1/95
f 267/4/96 268/3/96 266/2/96 265/1/96
f 261/4/97 262/3/97 268/2/97 267/1/97
f 264/4/98 266/3/98 268/2/98 262/1/98
f 265/4/99 263/3/99 261/2/99 267/1/99

v -51.589680 1544.174640 108.842030
v -51.589680 1542.824369 107.366642
v -49.955698 1545.025423 108.063395
v -49.955698 1543.675152 106.588008
v -48.802397 1543.820045 109.166555
v -48.802397 1542.469774 107.691167
v -50.436379 1542.969262 109.945189
v -50.436379 1541.618991 108.469801
# 8 vertices

vn -0.576650 0.602689 -0.551580
vn 0.816991 0.425391 -0.389317
vn 0.576650 -0.602689 0.551580
vn -0.816991 -0.425391 0.389317
vn 0.000000 -0.675135 -0.737694
vn -0.000000 0.675135 0.737694
# 6 normals

# 0 texture coordinate

g Cube.2_28
usemtl default
f 271/4/100 272/3/100 270/2/100 269/1/100
f 273/4/101 274/3/101 272/2/101 271/1/101
f 275/4/102 276/3/102 274/2/102 273/1/102
f 269/4/103 270/3/103 276/2/103 275/1/103
f 272/4/104 274/3/104 276/2/104 270/1/104
f 273/4/105 271/3/105 269/2/105 275/1/105

v -48.178221 1540.609136 112.105170
v -48.178221 1539.258865 110.629782
v -46.544239 1541.459918 111.326536
v -46.544239 1540.109648 109.851148
v -45.390938 1540.254540 112.429695
v -45.390938 1538.904269 110.954307
v -47.024920 1539.403757 113.208329
v -47.024920 1538.053486 111.732942
# 8 vertices

# 0 normal

# 0 texture coordinate

g Cube.2_29
usemtl default
f 279/4/100 280/3/100 278/2/100 277/1/100
f 281/4/101 282/3/101 280/2/101 279/1/101
f 283/4/102 284/3/102 282/2/102 281/1/102
f 277/4/103 278/3/103 284/2/103 283/1/103
f 280/4/104 282/3/104 284/2/104 278/1/104
f 281/4/105 279/3/105 277/2/105 283/1/105

v -44.766761 1537.043631 115.368310
v -44.766761 1535.693360 113.892923
v -43.132779 1537.894414 114.589676
v -43.132779 1536.544143 113.114289
v -41.979479 1536.689035 115.692835
v -41.979479 1535.338765 114.217448
v -43.613461 1535.838252 116.471470
v -43.613461 1534.487982 114.996082
# 8 vertices

# 0 normal

# 0 texture coordinate

g Cube.2_30
usemtl default
f 287/4/100 288/3/100 286/2/100 285/1/100
f 289/4/101 290/3/101 288/2/101 287/1/101
f 291/4/102 292/3/102 290/2/102 289/1/102
f 285/4/103 286/3/103 292/2/103 291/1/103
f 288/4/104 290/3/104 292/2/104 286/1/104
f 289/4/105 287/3/105 285/2/105 291/1/105

v -41.242161 1533.436837 118.669238
v -41.242161 1532.086566 117.193851
v -39.750359 1534.419530 117.769881
v -39.750359 1533.069259 116.294493
v -38.418245 1533.319037 118.777049
v -38.418245 1531.968766 117.301661
v -39.910047 1532.336344 119.676406
v -39.910047 1530.986074 118.201019
# 8 vertices

vn -0.666057 0.550246 -0.503584
vn 0.745901 0.491346 -0.449679
vn 0.666057 -0.550246 0.503584
vn -0.745901 -0.491346 0.449679
vn -0.000000 -0.675135 -0.737694
vn 0.000000 0.675135 0.737694
# 6 normals

# 0 texture coordinate

g Cube.2_31
usemtl default
f 295/4/106 296/3/106 294/2/106 293/1/106
f 297/4/107 298/3/107 296/2/107 295/1/107
f 299/4/108 300/3/108 298/2/108 297/1/108
f 293/4/109 294/3/109 300/2/109 299/1/109
f 296/4/110 298/3/110 300/2/110 294/1/110
f 297/4/111 295/3/111 293/2/111 299/1/111

v -37.301772 1530.181584 121.648438
v -37.301772 1528.831313 120.173050
v -35.809971 1531.164276 120.749080
v -35.809971 1529.814005 119.273692
v -34.477857 1530.063783 121.756248
v -34.477857 1528.713513 120.280861
v -35.969658 1529.081091 122.655606
v -35.969658 1527.730820 121.180218
# 8 vertices

# 0 normal

# 0 texture coordinate

g Cube.2_32
usemtl default
f 303/4/106 304/3/106 302/2/106 301/1/106
f 305/4/107 306/3/107 304/2/107 303/1/107
f 307/4/108 308/3/108 306/2/108 305/1/108
f 301/4/109 302/3/109 308/2/109 307/1/109
f 304/4/110 306/3/110 308/2/110 302/1/110
f 305/4/111 303/3/111 301/2/111 307/1/111

v -33.195786 1526.956398 124.600119
v -33.195786 1525.606127 123.124732
v -31.824430 1528.030340 123.617251
v -31.824430 1526.680069 122.141863
v -30.368620 1527.018698 124.543102
v -30.368620 1525.668428 123.067714
v -31.739977 1525.944757 125.525971
v -31.739977 1524.594486 124.050583
# 8 vertices

vn -0.727905 0.505821 -0.462926
vn 0.685678 0.536971 -0.491434
vn 0.727905 -0.505821 0.462926
vn -0.685678 -0.536971 0.491434
vn 0.000000 -0.675135 -0.737694
vn -0.000000 0.675135 0.737694
# 6 normals

# 0 texture coordinate

g Cube.2_33
usemtl default
f 311/4/112 312/3/112 310/2/112 309/1/112
f 313/4/113 314/3/113 312/2/113 311/1/113
f 315/4/114 316/3/114 314/2/114 313/1/114
f 309/4/115 310/3/115 316/2/115 315/1/115
f 312/4/116 314/3/116 316/2/116 310/1/116
f 313/4/117 311/3/117 309/2/117 315/1/117

v -28.866569 1523.894984 127.401917
v -28.866569 1522.544713 125.926529
v -27.613933 1525.045149 126.349290
v -27.613933 1523.694878 124.873902
v -26.054798 1524.121087 127.194989
v -26.054798 1522.770816 125.719601
v -27.307434 1522.970922 128.247616
v -27.307434 1521.620651 126.772228
# 8 vertices

vn -0.779568 0.462031 -0.422850
vn 0.626318 0.575082 -0.526314
vn 0.779568 -0.462031 0.422850
vn -0.626318 -0.575082 0.526314
vn 0.000000 -0.675135 -0.737694
vn -0.000000 0.675135 0.737694
# 6 normals

# 0 texture coordinate

g Cube.2_34
usemtl default
f 319/4/118 320/3/118 318/2/118 317/1/118
f 321/4/119 322/3/119 320/2/119 319/1/119
f 323/4/120 324/3/120 322/2/120 321/1/120
f 317/4/121 318/3/121 324/2/121 323/1/121
f 320/4/122 322/3/122 324/2/122 318/1/122
f 321/4/123 319/3/123 317/2/123 323/1/123

v -24.147034 1521.175360 129.890910
v -24.147034 1519.825089 128.415522
v -23.015197 1522.391760 128.777664
v -23.015197 1521.041489 127.302276
v -21.366275 1521.556811 129.541807
v -21.366275 1520.206540 128.066419
v -22.498111 1520.340411 130.655053
v -22.498111 1518.990140 129.179665
# 8 vertices

vn -0.824461 0.417475 -0.382072
vn 0.565918 0.608200 -0.556623
vn 0.824461 -0.417475 0.382072
vn -0.565918 -0.608200 0.556623
vn 0.000000 -0.675135 -0.737694
vn -0.000000 0.675135 0.737694
# 6 normals

# 0 texture coordinate

g Cube.2_35
usemtl default
f 327/4/124 328/3/124 326/2/124 325/1/124
f 329/4/125 330/3/125 328/2/125 327/1/125
f 331/4/126 332/3/126 330/2/126 329/1/126
f 325/4/127 326/3/127 332/2/127 331/1/127
f 328/4/128 330/3/128 332/2/128 326/1/128
f 329/4/129 327/3/129 325/2/129 331/1/129

v -19.051687 1518.841878 132.026506
v -19.051687 1517.491607 130.551119
v -18.067377 1520.126214 130.851085
v -18.067377 1518.775943 129.375698
v -16.326362 1519.400095 131.515628
v -16.326362 1518.049824 130.040240
v -17.310672 1518.115758 132.691049
v -17.310672 1516.765488 131.215661
# 8 vertices

vn -0.870508 0.363060 -0.332271
vn 0.492155 0.642168 -0.587710
vn 0.870508 -0.363060 0.332271
vn -0.492155 -0.642168 0.587710
vn 0.000000 -0.675135 -0.737694
vn -0.000000 0.675135 0.737694
# 6 normals

# 0 texture coordinate

g Cube.2_36
usemtl default
f 335/4/130 336/3/130 334/2/130 333/1/130
f 337/4/131 338/3/131 336/2/131 335/1/131
f 339/4/132 340/3/132 338/2/132 337/1/132
f 333/4/133 334/3/133 340/2/133 339/1/133
f 336/4/134 338/3/134 340/2/134 334/1/134
f 337/4/135 335/3/135 333/2/135 339/1/135

v -13.718583 1516.813432 133.882935
v -13.718583 1515.463161 132.407547
v -12.895033 1518.157932 132.652452
v -12.895033 1516.807661 131.177065
v -11.072462 1517.550404 133.208460
v -11.072462 1516.200133 131.733072
v -11.896012 1516.205904 134.438942
v -11.896012 1514.855634 132.963555
# 8 vertices

vn -0.911286 0.303764 -0.278004
vn 0.411775 0.672250 -0.615241
vn 0.911286 -0.303764 0.278004
vn -0.411775 -0.672250 0.615241
vn 0.000000 -0.675135 -0.737694
vn -0.000000 0.675135 0.737694
# 6 normals

# 0 texture coordinate

g Cube.2_37
usemtl default
f 343/4/136 344/3/136 342/2/136 341/1/136
f 345/4/137 346/3/137 344/2/137 343/1/137
f 347/4/138 348/3/138 346/2/138 345/1/138
f 341/4/139 342/3/139 348/2/139 347/1/139
f 344/4/140 346/3/140 348/2/140 342/1/140
f 345/4/141 343/3/141 341/2/141 347/1/141

v -7.996860 1515.286590 135.280297
v -7.996860 1513.936319 133.804909
v -7.510851 1516.717753 133.970500
v -7.510851 1515.367482 132.495112
v -5.570801 1516.359227 134.298622
v -5.570801 1515.008956 132.823234
v -6.056810 1514.928064 135.608419
v -6.056810 1513.577793 134.133031
# 8 vertices

vn -0.970025 0.179263 -0.164061
vn 0.243005 0.715582 -0.654898
vn 0.970025 -0.179263 0.164061
vn -0.243005 -0.715582 0.654898
vn 0.000000 -0.675135 -0.737694
vn -0.000000 0.675135 0.737694
# 6 normals

# 0 texture coordinate

g Cube.2_38
usemtl default
f 351/4/142 352/3/142 350/2/142 349/1/142
f 353/4/143 354/3/143 352/2/143 351/1/143
f 355/4/144 356/3/144 354/2/144 353/1/144
f 349/4/145 350/3/145 356/2/145 355/1/145
f 352/4/146 354/3/146 356/2/146 350/1/146
f 353/4/147 351/3/147 349/2/147 355/1/147

v -1.902629 1514.576585 135.930091
v -1.902629 1513.226314 134.454703
v -1.947958 1516.051594 134.580167
v -1.947958 1514.701323 133.104779
v 0.051528 1516.085033 134.549564
v 0.051528 1514.734762 133.074176
v 0.096858 1514.610024 135.899488
v 0.096858 1513.259753 134.424100
# 8 vertices

vn -0.999743 -0.016720 0.015302
vn -0.022665 0.737504 -0.674962
vn 0.999743 0.016720 -0.015302
vn 0.022665 -0.737504 0.674962
vn 0.000000 -0.675135 -0.737694
vn -0.000000 0.675135 0.737694
# 6 normals

# 0 texture coordinate

g Cube.2_39
usemtl default
f 359/4/148 360/3/148 358/2/148 357/1/148
f 361/4/149 362/3/149 360/2/149 359/1/149
f 363/4/150 364/3/150 362/2/150 361/1/150
f 357/4/151 358/3/151 364/2/151 363/1/151
f 360/4/152 362/3/152 364/2/152 358/1/152
f 361/4/153 359/3/153 357/2/153 363/1/153

v 4.169257 1515.023038 135.521499
v 4.169257 1513.672767 134.046111
v 3.727959 1516.462062 134.204508
v 3.727959 1515.111791 132.729120
v 5.678665 1516.787605 133.906571
v 5.678665 1515.437334 132.431184
v 6.119964 1515.348581 135.223562
v 6.119964 1513.998310 133.748175
# 8 vertices

vn -0.975353 -0.162772 0.148968
vn -0.220649 0.719512 -0.658495
vn 0.975353 0.162772 -0.148968
vn 0.220649 -0.719512 0.658495
vn -0.000000 -0.675135 -0.737694
vn 0.000000 0.675135 0.737694
# 6 normals

# 0 texture coordinate

g Cube.2_40
usemtl default
f 367/4/154 368/3/154 366/2/154 365/1/154
f 369/4/155 370/3/155 368/2/155 367/1/155
f 371/4/156 372/3/156 370/2/156 369/1/156
f 365/4/157 366/3/157 372/2/157 371/1/157
f 368/4/158 370/3/158 372/2/158 366/1/158
f 369/4/159 367/3/159 365/2/159 371/1/159

v 9.957346 1516.194423 134.449450
v 9.957346 1514.844152 132.974062
v 9.338159 1517.597324 133.165519
v 9.338159 1516.247053 131.690132
v 11.239897 1518.054094 132.747484
v 11.239897 1516.703823 131.272096
v 11.859084 1516.651194 134.031415
v 11.859084 1515.300923 132.556027
# 8 vertices

vn -0.950869 -0.228385 0.209018
vn -0.309594 0.701450 -0.641965
vn 0.950869 0.228385 -0.209018
vn 0.309594 -0.701450 0.641965
vn 0.000000 -0.675135 -0.737694
vn -0.000000 0.675135 0.737694
# 6 normals

# 0 texture coordinate

g Cube.2_41
usemtl default
f 375/4/160 376/3/160 374/2/160 373/1/160
f 377/4/161 378/3/161 376/2/161 375/1/161
f 379/4/162 380/3/162 378/2/162 377/1/162
f 373/4/163 374/3/163 380/2/163 379/1/163
f 376/4/164 378/3/164 380/2/164 374/1/164
f 377/4/165 375/3/165 373/2/165 379/1/165

v 15.550891 1517.798447 132.981452
v 15.550891 1516.448176 131.506064
v 14.761146 1519.153938 131.740909
v 14.761146 1517.803668 130.265522
v 16.598617 1519.736529 131.207724
v 16.598617 1518.386258 129.732336
v 17.388363 1518.381037 132.448266
v 17.388363 1517.030767 130.972879
# 8 vertices

vn -0.918736 -0.291295 0.266593
vn -0.394873 0.677746 -0.620271
vn 0.918736 0.291295 -0.266593
vn 0.394873 -0.677746 0.620271
vn 0.000000 -0.675135 -0.737694
vn -0.000000 0.675135 0.737694
# 6 normals

# 0 texture coordinate

g Cube.2_42
usemtl default
f 383/4/166 384/3/166 382/2/166 381/1/166
f 385/4/167 386/3/167 384/2/167 383/1/167
f 387/4/168 388/3/168 386/2/168 385/1/168
f 381/4/169 382/3/169 388/2/169 387/1/169
f 384/4/170 386/3/170 388/2/170 382/1/170
f 385/4/171 383/3/171 381/2/171 387/1/171

v 20.904115 1519.799872 131.149753
v 20.904115 1518.449601 129.674365
v 19.951282 1521.097062 129.962568
v 19.951282 1519.746791 128.487180
v 21.709722 1521.799960 129.319277
v 21.709722 1520.449690 127.843889
v 22.662554 1520.502770 130.506462
v 22.662554 1519.152499 129.031074
# 8 vertices

vn -0.879220 -0.351449 0.321645
vn -0.476416 0.648595 -0.593592
vn 0.879220 0.351449 -0.321645
vn 0.476416 -0.648595 0.593592
vn 0.000000 -0.675135 -0.737694
vn -0.000000 0.675135 0.737694
# 6 normals

# 0 texture coordinate

g Cube.2_43
usemtl default
f 391/4/172 392/3/172 390/2/172 389/1/172
f 393/4/173 394/3/173 392/2/173 391/1/173
f 395/4/174 396/3/174 394/2/174 393/1/174
f 389/4/175 390/3/175 396/2/175 395/1/175
f 392/4/176 394/3/176 396/2/176 390/1/176
f 393/4/177 391/3/177 389/2/177 395/1/177

v 25.982928 1522.224153 128.931057
v 25.982928 1520.873882 127.455669
v 24.793006 1523.410003 127.845770
v 24.793006 1522.059732 126.370383
v 26.400516 1524.287801 127.042412
v 26.400516 1522.937530 125.567024
v 27.590437 1523.101951 128.127699
v 27.590437 1521.751680 126.652311
# 8 vertices

vn -0.803755 -0.438899 0.401679
vn -0.594961 0.592925 -0.542643
vn 0.803755 0.438899 -0.401679
vn 0.594961 -0.592925 0.542643
vn -0.000000 -0.675135 -0.737694
vn 0.000000 0.675135 0.737694
# 6 normals

# 0 texture coordinate

g Cube.2_44
usemtl default
f 399/4/178 400/3/178 398/2/178 397/1/178
f 401/4/179 402/3/179 400/2/179 399/1/179
f 403/4/180 404/3/180 402/2/180 401/1/180
f 397/4/181 398/3/181 404/2/181 403/1/181
f 400/4/182 402/3/182 404/2/182 398/1/182
f 401/4/183 399/3/183 397/2/183 403/1/183

v 30.635966 1525.121137 126.279745
v 30.635966 1523.770866 124.804357
v 29.184692 1526.136319 125.350653
v 29.184692 1524.786048 123.875266
v 30.560848 1527.206914 124.370847
v 30.560848 1525.856644 122.895460
v 32.012122 1526.191733 125.299939
v 32.012122 1524.841462 123.824551
# 8 vertices

vn -0.688078 -0.535298 0.489903
vn -0.725637 0.507591 -0.464546
vn 0.688078 0.535298 -0.489903
vn 0.725637 -0.507591 0.464546
vn -0.000000 -0.675135 -0.737694
vn 0.000000 0.675135 0.737694
# 6 normals

# 0 texture coordinate

g Cube.2_45
usemtl default
f 407/4/184 408/3/184 406/2/184 405/1/184
f 409/4/185 410/3/185 408/2/185 407/1/185
f 411/4/186 412/3/186 410/2/186 409/1/186
f 405/4/187 406/3/187 412/2/187 411/1/187
f 408/4/188 410/3/188 412/2/188 406/1/188
f 409/4/189 407/3/189 405/2/189 411/1/189

v 34.706630 1528.287954 123.381482
v 34.706630 1526.937683 121.906095
v 33.255357 1529.303136 122.452391
v 33.255357 1527.952865 120.977003
v 34.631513 1530.373731 121.472585
v 34.631513 1529.023461 119.997197
v 36.082786 1529.358550 122.401676
v 36.082786 1528.008279 120.926289
# 8 vertices

# 0 normal

# 0 texture coordinate

g Cube.2_46
usemtl default
f 415/4/184 416/3/184 414/2/184 413/1/184
f 417/4/185 418/3/185 416/2/185 415/1/185
f 419/4/186 420/3/186 418/2/186 417/1/186
f 413/4/187 414/3/187 420/2/187 419/1/187
f 416/4/188 418/3/188 420/2/188 414/1/188
f 417/4/189 415/3/189 413/2/189 419/1/189

v 38.731101 1531.559573 120.387306
v 38.731101 1530.209302 118.911918
v 37.179181 1532.490222 119.535579
v 37.179181 1531.139951 118.060191
v 38.440746 1533.635063 118.487823
v 38.440746 1532.284792 117.012435
v 39.992666 1532.704414 119.339550
v 39.992666 1531.354143 117.864162
# 8 vertices

vn -0.630782 -0.572421 0.523878
vn -0.775960 0.465324 -0.425864
vn 0.630782 0.572421 -0.523878
vn 0.775960 -0.465324 0.425864
vn -0.000000 -0.675135 -0.737694
vn 0.000000 0.675135 0.737694
# 6 normals

# 0 texture coordinate

g Cube.2_47
usemtl default
f 423/4/190 424/3/190 422/2/190 421/1/190
f 425/4/191 426/3/191 424/2/191 423/1/191
f 427/4/192 428/3/192 426/2/192 425/1/192
f 421/4/193 422/3/193 428/2/193 427/1/193
f 424/4/194 426/3/194 428/2/194 422/1/194
f 425/4/195 423/3/195 421/2/195 427/1/195

v 42.462805 1534.946009 117.288048
v 42.462805 1533.595738 115.812661
v 40.910886 1535.876658 116.436321
v 40.910886 1534.526387 114.960933
v 42.172451 1537.021499 115.388565
v 42.172451 1535.671228 113.913178
v 43.724370 1536.090850 116.240293
v 43.724370 1534.740580 114.764905
# 8 vertices

# 0 normal

# 0 texture coordinate

g Cube.2_48
usemtl default
f 431/4/190 432/3/190 430/2/190 429/1/190
f 433/4/191 434/3/191 432/2/191 431/1/191
